0.000000000000000000e+00 0.000000000000000000e+00
1.010101010101010187e-02 1.009997954343297075e-02
2.020202020202020374e-02 2.019377700303146006e-02
3.030303030303030387e-02 3.027521660117197741e-02
4.040404040404040747e-02 4.033813516364769675e-02
5.050505050505051108e-02 5.037638839887991632e-02
6.060606060606060774e-02 6.038385715017957622e-02
7.070707070707071829e-02 7.035445361215256210e-02
8.080808080808081495e-02 8.028212750240792950e-02
9.090909090909091161e-02 9.016087217981089141e-02
1.010101010101010222e-01 9.998473070061926482e-02
1.111111111111111188e-01 1.097478018039567266e-01
1.212121212121212155e-01 1.194442458182047445e-01
1.313131313131313260e-01 1.290682904800397046e-01
1.414141414141414366e-01 1.386142366580009888e-01
1.515151515151515194e-01 1.480764639726497023e-01
1.616161616161616299e-01 1.574494363055654877e-01
1.717171717171717404e-01 1.667277071896306473e-01
1.818181818181818232e-01 1.759059250732660229e-01
1.919191919191919338e-01 1.849788384515109185e-01
2.020202020202020443e-01 1.939413008570785302e-01
2.121212121212121271e-01 2.027882757047722029e-01
2.222222222222222376e-01 2.115148409829087361e-01
2.323232323232323482e-01 2.201161937856703499e-01
2.424242424242424310e-01 2.285876546805900855e-01
2.525252525252525415e-01 2.369246719056690154e-01
2.626262626262626521e-01 2.451228253909250865e-01
2.727272727272727626e-01 2.531778305994844547e-01
2.828282828282828731e-01 2.610855421836431045e-01
2.929292929292929282e-01 2.688419574516519028e-01
3.030303030303030387e-01 2.764432196413077469e-01
3.131313131313131493e-01 2.838856209967694499e-01
3.232323232323232598e-01 2.911656056453598707e-01
3.333333333333333703e-01 2.982797722714566335e-01
3.434343434343434809e-01 3.052248765849244760e-01
3.535353535353535914e-01 3.119978335818921478e-01
3.636363636363636465e-01 3.185957195960273380e-01
3.737373737373737570e-01 3.250157741388184918e-01
3.838383838383838675e-01 3.312554015277235364e-01
3.939393939393939781e-01 3.373121723014010920e-01
4.040404040404040886e-01 3.431838244215892342e-01
4.141414141414141992e-01 3.488682642615489882e-01
4.242424242424242542e-01 3.543635673813362308e-01
4.343434343434343647e-01 3.596679790905106255e-01
4.444444444444444753e-01 3.647799147992302204e-01
4.545454545454545858e-01 3.696979601590176245e-01
4.646464646464646964e-01 3.744208709948122493e-01
4.747474747474748069e-01 3.789475730302513945e-01
4.848484848484848619e-01 3.832771614084373168e-01
4.949494949494949725e-01 3.874089000107638348e-01
5.050505050505050830e-01 3.913422205766756146e-01
5.151515151515152491e-01 3.950767216275322125e-01
5.252525252525253041e-01 3.986121671980346615e-01
5.353535353535353591e-01 4.019484853789515588e-01
5.454545454545455252e-01 4.050857666751482844e-01
5.555555555555555802e-01 4.080242621831839944e-01
5.656565656565657463e-01 4.107643815929864495e-01
5.757575757575758013e-01 4.133066910183536002e-01
5.858585858585858563e-01 4.156519106612553416e-01
5.959595959595960224e-01 4.178009123151242843e-01
6.060606060606060774e-01 4.197547167125255663e-01
6.161616161616162435e-01 4.215144907227866833e-01
6.262626262626262985e-01 4.230815444053458441e-01
6.363636363636364646e-01 4.244573279247426667e-01
6.464646464646465196e-01 4.256434283333268009e-01
6.565656565656565746e-01 4.266415662279005594e-01
6.666666666666667407e-01 4.274535922866363746e-01
6.767676767676767957e-01 4.280814836927252509e-01
6.868686868686869618e-01 4.285273404513094686e-01
6.969696969696970168e-01 4.287933816063426162e-01
7.070707070707071829e-01 4.288819413640903577e-01
7.171717171717172379e-01 4.287954651300480147e-01
7.272727272727272929e-01 4.285365054660960626e-01
7.373737373737374590e-01 4.281077179747507788e-01
7.474747474747475140e-01 4.275118571173847637e-01
7.575757575757576801e-01 4.267517719733041615e-01
7.676767676767677351e-01 4.258304019465626311e-01
7.777777777777777901e-01 4.247507724273730800e-01
7.878787878787879562e-01 4.235159904149548571e-01
7.979797979797980112e-01 4.221292401086054191e-01
8.080808080808081773e-01 4.205937784737384666e-01
8.181818181818182323e-01 4.189129307895625987e-01
8.282828282828283983e-01 4.170900861849995422e-01
8.383838383838384534e-01 4.151286931693553561e-01
8.484848484848485084e-01 4.130322551641610884e-01
8.585858585858586745e-01 4.108043260424902310e-01
8.686868686868687295e-01 4.084485056819466275e-01
8.787878787878788955e-01 4.059684355373877063e-01
8.888888888888889506e-01 4.033677942393150140e-01
8.989898989898991166e-01 4.006502932237180348e-01
9.090909090909091717e-01 3.978196723990097272e-01
9.191919191919192267e-01 3.948796958555270686e-01
9.292929292929293927e-01 3.918341476229109110e-01
9.393939393939394478e-01 3.886868274804990975e-01
9.494949494949496138e-01 3.854415468256936483e-01
9.595959595959596689e-01 3.821021246050740339e-01
9.696969696969697239e-01 3.786723833128398664e-01
9.797979797979798899e-01 3.751561450609709469e-01
9.898989898989899450e-01 3.715572277252942590e-01
1.000000000000000000e+00 3.678794411714423340e-01
