1.000000000000000000e+04 2.414854155932520371e+04 4.917926424225837340e-02
2.154434690031882201e+04 2.123248139297597299e+04 7.167663543302761620e-02
4.641588833612782037e+04 1.866031092607347091e+04 1.039919305501394442e-01
1.000000000000000000e+05 1.638690436095275072e+04 1.497820475238580418e-01
2.154434690031882201e+05 1.437180408591419291e+04 2.132935161704510030e-01
4.641588833612772287e+05 1.258233279920041241e+04 2.985772069243483040e-01
1.000000000000000000e+06 1.098581319905403325e+04 4.078843324424343275e-01
2.154434690031882375e+06 9.555792231671459376e+03 5.395126215518891710e-01
4.641588833612772636e+06 8.273597153191325560e+03 6.863837156976524412e-01
1.000000000000000000e+07 7.123667343729166532e+03 8.370308714778992298e-01
2.154434690031882375e+07 6.095110369365857878e+03 9.790855781695707583e-01
4.641588833612772822e+07 5.177033796182266087e+03 1.103062340591902668e+00
1.000000000000000000e+08 4.364769438213056674e+03 1.204206186031981041e+00
2.154434690031877756e+08 3.650536985515992001e+03 1.282130848139508172e+00
4.641588833612772822e+08 3.028112190137286234e+03 1.339335274540270904e+00
1.000000000000000000e+09 2.489714742134706285e+03 1.379648261557936850e+00
2.154434690031877995e+09 2.030676455542910617e+03 1.407093163859116647e+00
4.641588833612772942e+09 1.643217020419666824e+03 1.425243296711088625e+00
1.000000000000000000e+10 1.321112188811186570e+03 1.436962258317723506e+00
2.154434690031877899e+10 1.053469526798343395e+03 1.444382879583719026e+00
4.641588833612772369e+10 8.356208484157964449e+02 1.449011239311584376e+00
1.000000000000000000e+11 6.597858437213121761e+02 1.451865599345938174e+00
2.154434690031877747e+11 5.181842027726567039e+02 1.453612488491723198e+00
4.641588833612772827e+11 4.045916776160430004e+02 1.454678826454465890e+00
1.000000000000000000e+12 3.158961442745775230e+02 1.455338974530728580e+00
